$n, $m, $X, $R, $U
1, 1, 0.166667, 0.999998, 0.166667
1, 2, 0.166667, 0.999998, 0.166667
1, 3, 0.166667, 0.999998, 0.166667
1, 4, 0.166667, 0.999998, 0.166667
1, 5, 0.166667, 0.999998, 0.166667
1, 6, 0.166667, 0.999998, 0.166667
1, 7, 0.166667, 0.999998, 0.166667
1, 8, 0.166667, 0.999998, 0.166667
1, 9, 0.166667, 0.999998, 0.166667
1, 10, 0.166667, 0.999998, 0.166667
2, 1, 0.324324, 1.16667, 0.324324
2, 2, 0.333333, 1, 0.333333
2, 3, 0.333333, 1, 0.333333
2, 4, 0.333333, 1, 0.333333
2, 5, 0.333333, 1, 0.333333
2, 6, 0.333333, 1, 0.333333
2, 7, 0.333333, 1, 0.333333
2, 8, 0.333333, 1, 0.333333
2, 9, 0.333333, 1, 0.333333
2, 10, 0.333333, 1, 0.333333
3, 1, 0.470339, 1.37838, 0.470339
3, 2, 0.498845, 1.01389, 0.498845
3, 3, 0.5, 1, 0.5
3, 4, 0.5, 1, 0.5
3, 5, 0.5, 1, 0.5
3, 6, 0.5, 1, 0.5
3, 7, 0.5, 1, 0.5
3, 8, 0.5, 1, 0.5
3, 9, 0.5, 1, 0.5
3, 10, 0.5, 1, 0.5
4, 1, 0.601659, 1.64831, 0.601659
4, 2, 0.66208, 1.04157, 0.66208
4, 3, 0.666495, 1.00154, 0.666496
4, 4, 0.666667, 1, 0.666667
4, 5, 0.666667, 1, 0.666667
4, 6, 0.666667, 1, 0.666667
4, 7, 0.666667, 1, 0.666667
4, 8, 0.666667, 1, 0.666667
4, 9, 0.666667, 1, 0.666667
4, 10, 0.666667, 1, 0.666667
5, 1, 0.715134, 1.99172, 0.715135
5, 2, 0.821869, 1.08372, 0.821869
5, 3, 0.832526, 1.00583, 0.832526
5, 4, 0.833308, 1.00019, 0.833308
5, 5, 0.833335, 0.999999, 0.833335
5, 6, 0.833335, 0.999999, 0.833335
5, 7, 0.833335, 0.999999, 0.833335
5, 8, 0.833335, 0.999999, 0.833335
5, 9, 0.833335, 0.999999, 0.833335
5, 10, 0.833335, 0.999999, 0.833335
6, 1, 0.808157, 2.42435, 0.808157
6, 2, 0.976933, 1.14169, 0.976933
6, 3, 0.9977, 1.01384, 0.9977
6, 4, 0.999856, 1.00088, 0.999856
6, 5, 0.999999, 1.00003, 0.999999
6, 6, 1, 1, 1
6, 7, 1, 1, 1
6, 8, 1, 1, 1
6, 9, 1, 1, 1
6, 10, 1, 1, 1
7, 1, 0.879485, 2.95926, 0.879485
7, 2, 1.12585, 1.21753, 1.12585
7, 3, 1.16155, 1.02647, 1.16155
7, 4, 1.1662, 1.00244, 1.1662
7, 5, 1.16665, 1.00014, 1.16665
7, 6, 1.16667, 1, 1.16667
7, 7, 1.16667, 1, 1.16667
7, 8, 1.16667, 1, 1.16667
7, 9, 1.16667, 1, 1.16667
7, 10, 1.16667, 1, 1.16667
8, 1, 0.929955, 3.60262, 0.929955
8, 2, 1.26705, 1.31393, 1.26705
8, 3, 1.32351, 1.04456, 1.32351
8, 4, 1.33217, 1.00526, 1.33217
8, 5, 1.33324, 1.00044, 1.33324
8, 6, 1.33333, 1.00002, 1.33333
8, 7, 1.33334, 1, 1.33334
8, 8, 1.33334, 1, 1.33334
8, 9, 1.33334, 1, 1.33334
8, 10, 1.33334, 1, 1.33334
9, 1, 0.962545, 4.35029, 0.962545
9, 2, 1.39878, 1.43421, 1.39879
9, 3, 1.48296, 1.06899, 1.48296
9, 4, 1.49757, 1.00977, 1.49757
9, 5, 1.49974, 1.00106, 1.49974
9, 6, 1.49999, 1.00008, 1.49999
9, 7, 1.50001, 1, 1.50001
9, 8, 1.50001, 1, 1.50001
9, 9, 1.50001, 1, 1.50001
9, 10, 1.50001, 1, 1.50001
10, 1, 0.981618, 5.18735, 0.981618
10, 2, 1.51927, 1.58218, 1.51927
10, 3, 1.63916, 1.10076, 1.63916
10, 4, 1.66213, 1.0164, 1.66213
10, 5, 1.66607, 1.00216, 1.66607
10, 6, 1.66662, 1.00021, 1.66662
10, 7, 1.66667, 1.00001, 1.66667
10, 8, 1.66668, 1, 1.66668
10, 9, 1.66668, 1, 1.66668
10, 10, 1.66668, 1, 1.66668
