$N1, $N2, $W, $S1, $S2, $ZZ1, $ZZ2, $tp1, $tp2, $RT1, $RT2, $X1, $X2
1, 1, 0, 7.5, 7.5, 19.0125, 6.67431, 0.037718, 0.0705502, 21.815, 26.815, 0.0314317, 0.0705502
1, 5, 9.66332, 7.5, 7.5, 19.1713, 6.94414, 0.0275219, 0.207405, 33.6016, 38.6016, 0.0229349, 0.207405
1, 10, 26.9478, 7.5, 7.5, 19.2238, 7.04413, 0.0186318, 0.241011, 54.4059, 59.4059, 0.0155265, 0.241011
1, 20, 64.1011, 7.5, 7.5, 19.2485, 7.09456, 0.0110072, 0.254144, 99.0195, 104.019, 0.00917267, 0.254144
1, 50, 176.561, 7.5, 7.5, 19.2639, 7.1255, 0.00491824, 0.261525, 233.99, 238.99, 0.00409853, 0.261525
1, 100, 364.075, 7.5, 7.5, 19.2695, 7.13619, 0.00255856, 0.264054, 459.013, 464.013, 0.00213214, 0.264054
5, 1, 3.50383, 7.5, 7.5, 28.8973, 6.76424, 0.12531, 0.0562807, 37.8814, 42.8814, 0.104425, 0.0562807
5, 5, 18.0051, 7.5, 7.5, 25.4746, 6.95621, 0.0980784, 0.15403, 51.1756, 56.1756, 0.081732, 0.15403
5, 10, 38.0787, 7.5, 7.5, 23.3084, 7.02472, 0.0725826, 0.190102, 72.6644, 77.6644, 0.0604855, 0.190102
5, 20, 76.9781, 7.5, 7.5, 21.6305, 7.07247, 0.0471215, 0.218458, 117.33, 122.33, 0.0392679, 0.218458
5, 50, 190.653, 7.5, 7.5, 20.3214, 7.11196, 0.022886, 0.243588, 252.169, 257.169, 0.0190717, 0.243588
5, 100, 378.61, 7.5, 7.5, 19.8181, 7.12837, 0.0123175, 0.254299, 477.114, 482.114, 0.0102645, 0.254299
10, 1, 6.17507, 7.5, 7.5, 50.6312, 6.80019, 0.155506, 0.0488394, 67.1676, 72.1676, 0.129588, 0.0488394
10, 5, 27.4142, 7.5, 7.5, 36.8333, 6.95945, 0.139378, 0.119407, 76.097, 81.097, 0.116148, 0.119407
10, 10, 51.4672, 7.5, 7.5, 29.7484, 7.00969, 0.11272, 0.151568, 96.4587, 101.459, 0.0939331, 0.151568
10, 20, 92.8669, 7.5, 7.5, 25.0845, 7.05292, 0.0797121, 0.186185, 140.542, 145.542, 0.0664267, 0.186185
10, 50, 208.225, 7.5, 7.5, 21.7432, 7.09769, 0.0421108, 0.224393, 274.962, 279.962, 0.0350924, 0.224393
10, 100, 396.768, 7.5, 7.5, 20.5313, 7.11946, 0.0235405, 0.24308, 499.759, 504.759, 0.0196171, 0.24308
20, 1, 7.29718, 7.5, 7.5, 110.388, 6.80565, 0.159763, 0.0462902, 140.223, 145.223, 0.133136, 0.0462902
20, 5, 34.8222, 7.5, 7.5, 83.4628, 6.95951, 0.159002, 0.101458, 140.942, 145.942, 0.132501, 0.101458
20, 10, 73.2219, 7.5, 7.5, 51.4173, 6.99517, 0.151356, 0.114003, 148.567, 153.567, 0.12613, 0.114003
20, 20, 123.339, 7.5, 7.5, 34.2512, 7.02862, 0.121146, 0.145067, 188.108, 193.108, 0.100955, 0.145067
20, 50, 243.165, 7.5, 7.5, 24.995, 7.07556, 0.072553, 0.193993, 320.792, 325.792, 0.0604609, 0.193993
20, 100, 433.036, 7.5, 7.5, 22.0605, 7.10404, 0.0432342, 0.223394, 545.116, 550.116, 0.0360285, 0.223394
50, 1, 8.17886, 7.5, 7.5, 296.837, 6.80593, 0.159992, 0.0444745, 365.019, 370.019, 0.133327, 0.0444745
50, 5, 36.528, 7.5, 7.5, 268.503, 6.95554, 0.159984, 0.0980708, 365.037, 370.037, 0.13332, 0.0980708
50, 10, 80.6183, 7.5, 7.5, 224.473, 6.99147, 0.159953, 0.105142, 365.109, 370.109, 0.133295, 0.105142
50, 20, 172.647, 7.5, 7.5, 133.235, 7.00709, 0.15955, 0.106864, 366.058, 371.058, 0.132958, 0.106864
50, 50, 344.658, 7.5, 7.5, 40.2901, 7.0371, 0.127405, 0.1392, 460.938, 465.938, 0.106171, 0.1392
50, 100, 541.254, 7.5, 7.5, 27.7565, 7.07093, 0.0867288, 0.179913, 681.812, 686.812, 0.072274, 0.179913
100, 1, 8.74721, 7.5, 7.5, 608.756, 6.80598, 0.159999, 0.0433779, 740.004, 745.004, 0.133333, 0.0433779
100, 5, 38.0087, 7.5, 7.5, 579.496, 6.95111, 0.159999, 0.0953111, 740.006, 745.006, 0.133332, 0.0953111
100, 10, 81.3472, 7.5, 7.5, 536.162, 6.98999, 0.159998, 0.104344, 740.011, 745.011, 0.133331, 0.104344
100, 20, 173.719, 7.5, 7.5, 443.814, 7.00661, 0.159991, 0.106255, 740.04, 745.04, 0.133326, 0.106255
100, 50, 452.711, 7.5, 7.5, 166.301, 7.01555, 0.159614, 0.107014, 741.814, 746.814, 0.133012, 0.107014
100, 100, 717.231, 7.5, 7.5, 44.5159, 7.03925, 0.129997, 0.136655, 913.096, 918.096, 0.108331, 0.136655
