$N1, $N2, $W, $S1, $S2, $ZZ1, $ZZ2, $tp1, $tp2, $RT1, $RT2, $X1, $X2
1, 1, 0.0611717, 7.5, 7.5, 19.0123, 6.67423, 0.0376316, 0.0702474, 21.8881, 26.8881, 0.0313597, 0.0702474
1, 5, 6.84571, 7.5, 7.5, 19.2063, 6.98866, 0.0298045, 0.234364, 30.2624, 35.2624, 0.0248371, 0.234364
1, 10, 24.9769, 7.5, 7.5, 19.241, 7.06834, 0.0193357, 0.252875, 52.0614, 57.0614, 0.0161131, 0.252875
1, 20, 62.7334, 7.5, 7.5, 19.2554, 7.10465, 0.0111746, 0.258605, 97.3865, 102.387, 0.00931216, 0.258605
1, 50, 173.986, 7.5, 7.5, 20.1306, 7.99412, 0.00495992, 0.26388, 231.94, 236.94, 0.00413326, 0.26388
1, 100, 362.725, 7.5, 7.5, 19.5344, 7.40174, 0.00256568, 0.264812, 457.711, 462.711, 0.00213807, 0.264812
5, 1, 1.75643, 7.5, 7.5, 29.5515, 6.76818, 0.12884, 0.062404, 36.5695, 41.5695, 0.107366, 0.062404
5, 5, 15.2094, 7.5, 7.5, 25.9796, 6.98542, 0.102693, 0.16838, 48.4268, 53.4268, 0.0855771, 0.16838
5, 10, 36.2532, 7.5, 7.5, 23.4565, 7.04055, 0.0743941, 0.196875, 70.6516, 75.6516, 0.0619951, 0.196875
5, 20, 75.6493, 7.5, 7.5, 21.6708, 7.08032, 0.0477008, 0.221657, 115.784, 120.784, 0.0397507, 0.221657
5, 50, 189.501, 7.5, 7.5, 20.3298, 7.11537, 0.0230064, 0.244958, 250.797, 255.797, 0.019172, 0.244958
5, 100, 375.449, 7.5, 7.5, 20.4208, 7.72878, 0.0123956, 0.255965, 474.044, 479.044, 0.0103296, 0.255965
10, 1, 3.57977, 7.5, 7.5, 52.8604, 6.8013, 0.156396, 0.0559251, 66.7282, 71.7282, 0.13033, 0.0559251
10, 5, 24.3586, 7.5, 7.5, 38.2869, 6.9792, 0.142561, 0.128741, 74.1746, 79.1746, 0.118801, 0.128741
10, 10, 49.6523, 7.5, 7.5, 30.1096, 7.02073, 0.114598, 0.155829, 94.7143, 99.7143, 0.0954979, 0.155829
10, 20, 91.5542, 7.5, 7.5, 25.1761, 7.05904, 0.0804957, 0.188478, 139.076, 144.076, 0.0670797, 0.188478
10, 50, 206.995, 7.5, 7.5, 21.761, 7.10093, 0.042327, 0.225636, 273.507, 278.507, 0.0352725, 0.225636
10, 100, 395.481, 7.5, 7.5, 19.2341, 5.81493, 0.0236846, 0.244621, 496.658, 501.658, 0.0197372, 0.244621
20, 1, 4.79418, 7.5, 7.5, 112.87, 6.80568, 0.15979, 0.0523564, 140.197, 145.197, 0.133158, 0.0523564
20, 5, 30.5613, 7.5, 7.5, 87.562, 6.97547, 0.159206, 0.11102, 140.748, 145.748, 0.132672, 0.11102
20, 10, 70.8364, 7.5, 7.5, 52.9288, 7.00285, 0.152363, 0.117179, 147.518, 152.518, 0.126969, 0.117179
20, 20, 121.971, 7.5, 7.5, 34.5033, 7.03295, 0.121971, 0.146516, 186.769, 191.769, 0.101642, 0.146516
20, 50, 242.453, 7.5, 7.5, 24.6288, 6.67579, 0.072838, 0.194834, 319.498, 324.498, 0.0606983, 0.194834
20, 100, 429.085, 7.5, 7.5, 23.2179, 8.24094, 0.0434969, 0.224807, 541.763, 546.763, 0.0362475, 0.224807
50, 1, 6.40234, 7.5, 7.5, 298.613, 6.80598, 0.159992, 0.0482898, 365.018, 370.018, 0.133327, 0.0482898
50, 5, 32.6628, 7.5, 7.5, 272.367, 7.04652, 0.159985, 0.105911, 365.035, 370.035, 0.133321, 0.105911
50, 10, 77.2487, 7.5, 7.5, 227.835, 6.99892, 0.159957, 0.108995, 365.101, 370.101, 0.133298, 0.108995
50, 20, 169.886, 7.5, 7.5, 135.932, 7.01049, 0.159582, 0.108462, 365.982, 370.982, 0.132985, 0.108462
50, 50, 343.511, 7.5, 7.5, 40.4553, 7.03859, 0.127725, 0.139645, 459.76, 464.76, 0.106437, 0.139645
50, 100, 536.004, 7.5, 7.5, 29.8967, 9.12624, 0.087199, 0.180953, 678.081, 683.081, 0.0726659, 0.180953
100, 1, 7.28778, 7.5, 7.5, 610.215, 6.80587, 0.159999, 0.0463099, 740.004, 745.004, 0.133333, 0.0463099
100, 5, 36.9572, 7.5, 7.5, 580.551, 4.54274, 0.159998, 0.102041, 740.009, 745.009, 0.133332, 0.102041
100, 10, 78.9837, 7.5, 7.5, 538.529, 7.29947, 0.159997, 0.106629, 740.016, 745.016, 0.133331, 0.106629
100, 20, 170.908, 7.5, 7.5, 446.624, 7.00998, 0.159992, 0.107864, 740.038, 745.038, 0.133326, 0.107864
100, 50, 450.124, 7.5, 7.5, 168.816, 7.01689, 0.159632, 0.10761, 741.729, 746.729, 0.133027, 0.10761
100, 100, 714.797, 7.5, 7.5, 45.0137, 7.24971, 0.130325, 0.137071, 910.773, 915.773, 0.108604, 0.137071
