$N1, $N2, $W, $S1, $S2, $ZZ1, $ZZ2, $tp1, $tp2, $RT1, $RT2, $X1, $X2
1, 1, 0, 7.5, 7.5, 18.9979, 6.67349, 0.0377389, 0.0705543, 21.7975, 26.7975, 0.0314491, 0.0705543
1, 5, 7.488, 7.5, 7.5, 20.379, 6.93468, 0.0282734, 0.228076, 32.4428, 37.4428, 0.0235611, 0.228076
1, 10, 25.7698, 7.5, 7.5, 20.2345, 7.0916, 0.0186949, 0.247756, 54.1885, 59.1885, 0.0155791, 0.247756
1, 20, 63.5201, 7.5, 7.5, 20.101, 7.16948, 0.0109726, 0.25579, 99.3635, 104.364, 0.00914382, 0.25579
1, 50, 176.417, 7.5, 7.5, 19.3239, 7.27864, 0.0049204, 0.261512, 233.883, 238.883, 0.00410033, 0.261512
1, 100, 364.174, 7.5, 7.5, 20.0618, 7.27935, 0.00255282, 0.263885, 460.067, 465.067, 0.00212735, 0.263885
5, 1, 2.66657, 7.5, 7.5, 30.1632, 5.85191, 0.123982, 0.0624191, 38.3941, 43.3941, 0.103318, 0.0624191
5, 5, 16.1358, 7.5, 7.5, 27.8948, 6.16975, 0.0970032, 0.167792, 51.8536, 56.8536, 0.080836, 0.167792
5, 10, 37.1898, 7.5, 7.5, 24.896, 6.72665, 0.0718513, 0.194493, 73.5057, 78.5057, 0.0598761, 0.194493
5, 20, 76.5786, 7.5, 7.5, 22.5684, 7.00406, 0.0468786, 0.219586, 117.99, 122.99, 0.0390655, 0.219586
5, 50, 190.371, 7.5, 7.5, 21.3753, 7.30207, 0.0228048, 0.243698, 253.103, 258.103, 0.019004, 0.243698
5, 100, 378.674, 7.5, 7.5, 21.0384, 7.41064, 0.0122791, 0.254075, 478.636, 483.636, 0.0102326, 0.254075
10, 1, 6.00635, 7.5, 7.5, 51.8788, 4.38937, 0.15294, 0.0558786, 68.4621, 73.4621, 0.12745, 0.0558786
10, 5, 25.7153, 7.5, 7.5, 41.042, 4.81458, 0.134653, 0.131497, 79.1177, 84.1177, 0.112211, 0.131497
10, 10, 50.5245, 7.5, 7.5, 32.5134, 6.12744, 0.110457, 0.155873, 98.6398, 103.64, 0.0920473, 0.155873
10, 20, 92.439, 7.5, 7.5, 26.4284, 6.68415, 0.079137, 0.187574, 141.636, 146.636, 0.0659475, 0.187574
10, 50, 207.991, 7.5, 7.5, 21.8715, 7.09912, 0.0421296, 0.224628, 274.835, 279.835, 0.035108, 0.224628
10, 100, 397.083, 7.5, 7.5, 20.3831, 7.34261, 0.0235317, 0.242762, 499.951, 504.951, 0.0196097, 0.242762
20, 1, 7.90759, 7.5, 7.5, 109.618, 3.21339, 0.159973, 0.0536673, 140.025, 145.025, 0.133311, 0.0536673
20, 5, 36.1907, 7.5, 7.5, 83.4306, 2.13564, 0.157327, 0.109114, 142.548, 147.548, 0.131106, 0.109114
20, 10, 71.4907, 7.5, 7.5, 57.3892, 4.26616, 0.14665, 0.120109, 153.655, 158.655, 0.122208, 0.120109
20, 20, 122.236, 7.5, 7.5, 37.5764, 6.06905, 0.119536, 0.147271, 190.777, 195.777, 0.0996131, 0.147271
20, 50, 242.892, 7.5, 7.5, 25.5247, 7.06844, 0.0724879, 0.194202, 321.09, 326.09, 0.0604066, 0.194202
20, 100, 432.831, 7.5, 7.5, 22.0304, 6.86694, 0.0432561, 0.223615, 544.835, 549.835, 0.0360467, 0.223615
50, 1, 8.07373, 7.5, 7.5, 296.91, 3.09992, 0.160008, 0.0535638, 364.982, 369.982, 0.13334, 0.0535638
50, 5, 38.534, 7.5, 7.5, 266.408, 0.943551, 0.160025, 0.106459, 364.941, 369.941, 0.133354, 0.106459
50, 10, 85.0757, 7.5, 7.5, 219.843, 0.903055, 0.16004, 0.106982, 364.906, 369.906, 0.133367, 0.106982
50, 20, 175.294, 7.5, 7.5, 132.79, 2.24038, 0.158433, 0.108092, 368.709, 373.709, 0.132027, 0.108092
50, 50, 343.344, 7.5, 7.5, 43.644, 6.36498, 0.126746, 0.139975, 463.387, 468.387, 0.105622, 0.139975
50, 100, 540.807, 7.5, 7.5, 28.4556, 7.26192, 0.0866885, 0.179998, 682.133, 687.133, 0.0722404, 0.179998
100, 1, 8.06322, 7.5, 7.5, 609.548, 3.08973, 0.159972, 0.0536029, 740.133, 745.133, 0.13331, 0.0536029
100, 5, 38.4812, 7.5, 7.5, 579.355, 1.06171, 0.159912, 0.10631, 740.414, 745.414, 0.13326, 0.10631
100, 10, 85.6128, 7.5, 7.5, 531.585, 0.838252, 0.160079, 0.106427, 739.628, 744.628, 0.133399, 0.106427
100, 20, 178.329, 7.5, 7.5, 438.668, 0.835285, 0.16012, 0.107169, 739.438, 744.438, 0.133433, 0.107169
100, 50, 451.744, 7.5, 7.5, 172.295, 1.64808, 0.158343, 0.108486, 747.85, 752.85, 0.131952, 0.108486
100, 100, 716.165, 7.5, 7.5, 48.4071, 6.94746, 0.129518, 0.136874, 916.51, 921.51, 0.107932, 0.136874
