$N1, $N2, $W, $S1, $S2, $ZZ1, $ZZ2, $tp1, $tp2, $RT1, $RT2, $X1, $X2
1, 1, 0, 7.5, 7.5, 19.0125, 6.67431, 0.037718, 0.0705502, 21.815, 9.17431, 0.0314317, 0.0705502
1, 5, 8.60375, 7.5, 7.5, 19.1833, 6.95949, 0.028339, 0.216795, 32.3445, 18.0632, 0.0236158, 0.216795
1, 10, 26.6985, 7.5, 7.5, 19.2258, 7.04704, 0.018718, 0.24245, 54.1093, 36.2456, 0.0155984, 0.24245
1, 20, 64.0489, 7.5, 7.5, 19.2488, 7.09494, 0.0110135, 0.254311, 98.9571, 73.6438, 0.00917792, 0.254311
1, 50, 176.55, 7.5, 7.5, 19.264, 7.12554, 0.0049185, 0.26154, 233.977, 186.176, 0.00409875, 0.26154
1, 100, 364.071, 7.5, 7.5, 19.2695, 7.1362, 0.00255859, 0.264057, 459.008, 373.707, 0.00213216, 0.264057
5, 1, 2.75317, 7.5, 7.5, 29.1702, 6.76593, 0.126828, 0.0587575, 37.308, 12.0191, 0.10569, 0.0587575
5, 5, 17.9278, 7.5, 7.5, 25.4879, 6.95694, 0.0982016, 0.154394, 51.0988, 27.3847, 0.0818346, 0.154394
5, 10, 38.173, 7.5, 7.5, 23.301, 7.02394, 0.0724912, 0.189764, 72.7687, 47.6969, 0.0604093, 0.189764
5, 20, 77.0232, 7.5, 7.5, 21.6292, 7.07221, 0.0471021, 0.218352, 117.383, 86.5954, 0.0392518, 0.218352
5, 50, 190.66, 7.5, 7.5, 20.3214, 7.11194, 0.0228853, 0.24358, 252.177, 200.272, 0.0190711, 0.24358
5, 100, 378.61, 7.5, 7.5, 19.8181, 7.12837, 0.0123174, 0.254298, 477.114, 388.239, 0.0102645, 0.254298
10, 1, 5.75505, 7.5, 7.5, 50.9863, 6.80034, 0.155663, 0.0498619, 67.0896, 15.0554, 0.129719, 0.0498619
10, 5, 28.2105, 7.5, 7.5, 36.4815, 6.9547, 0.13852, 0.117192, 76.6304, 37.6652, 0.115433, 0.117192
10, 10, 51.8672, 7.5, 7.5, 29.6715, 7.00735, 0.112311, 0.15066, 96.8464, 61.3745, 0.0935923, 0.15066
10, 20, 93.0086, 7.5, 7.5, 25.0748, 7.05227, 0.0796284, 0.185941, 140.7, 102.561, 0.066357, 0.185941
10, 50, 208.252, 7.5, 7.5, 21.7428, 7.09762, 0.0421062, 0.224367, 274.994, 217.849, 0.0350885, 0.224367
10, 100, 396.773, 7.5, 7.5, 20.5313, 7.11945, 0.0235402, 0.243077, 499.766, 406.393, 0.0196169, 0.243077
20, 1, 7.309, 7.5, 7.5, 110.377, 6.80564, 0.159763, 0.0462649, 140.223, 16.6146, 0.133136, 0.0462649
20, 5, 37.6904, 7.5, 7.5, 80.7284, 6.9502, 0.158833, 0.0958946, 141.103, 47.1406, 0.13236, 0.0958946
20, 10, 74.4489, 7.5, 7.5, 50.674, 6.99137, 0.150804, 0.112435, 149.147, 83.9402, 0.12567, 0.112435
20, 20, 123.66, 7.5, 7.5, 34.1931, 7.02763, 0.120953, 0.144731, 188.423, 133.187, 0.100795, 0.144731
20, 50, 243.226, 7.5, 7.5, 24.993, 7.07544, 0.0725376, 0.193948, 320.863, 252.802, 0.060448, 0.193948
20, 100, 433.052, 7.5, 7.5, 22.0604, 7.10402, 0.0432327, 0.223386, 545.135, 442.656, 0.0360273, 0.223386
50, 1, 8.18696, 7.5, 7.5, 296.829, 6.80594, 0.159992, 0.0444585, 365.019, 17.4929, 0.133327, 0.0444585
50, 5, 40.7872, 7.5, 7.5, 264.247, 6.94336, 0.159982, 0.0905295, 365.041, 50.2306, 0.133319, 0.0905295
50, 10, 85.2452, 7.5, 7.5, 219.856, 6.98209, 0.159948, 0.100273, 365.122, 94.7273, 0.13329, 0.100273
50, 20, 175.143, 7.5, 7.5, 130.803, 7.00415, 0.159518, 0.105459, 366.134, 184.647, 0.132931, 0.105459
50, 50, 344.827, 7.5, 7.5, 40.266, 7.03689, 0.127358, 0.139135, 461.111, 354.364, 0.106132, 0.139135
50, 100, 541.295, 7.5, 7.5, 27.7553, 7.07089, 0.0867226, 0.179899, 681.861, 550.866, 0.0722689, 0.179899
100, 1, 8.50129, 7.5, 7.5, 609.002, 6.80594, 0.159999, 0.0438457, 740.004, 17.8072, 0.133333, 0.0438457
100, 5, 41.8756, 7.5, 7.5, 575.629, 6.94059, 0.159999, 0.0887843, 740.006, 51.3162, 0.133332, 0.0887843
100, 10, 87.0981, 7.5, 7.5, 530.412, 6.97869, 0.159997, 0.0984476, 740.012, 96.5768, 0.133331, 0.0984476
100, 20, 178.732, 7.5, 7.5, 438.803, 7.00084, 0.159991, 0.103502, 740.043, 188.233, 0.133326, 0.103502
100, 50, 454.207, 7.5, 7.5, 164.848, 7.01483, 0.159603, 0.106673, 741.866, 463.722, 0.133002, 0.106673
100, 100, 717.326, 7.5, 7.5, 44.5056, 7.03917, 0.129983, 0.136637, 913.198, 726.865, 0.108319, 0.136637
